   0.40000000   1.65210590
   0.40550000   1.65032300
   0.41100000   1.64863220
   0.41650000   1.64702660
   0.42200000   1.64550030
   0.42750000   1.64404760
   0.43300000   1.64266350
   0.43850000   1.64134330
   0.44400000   1.64008300
   0.44950000   1.63887860
   0.45500000   1.63772670
   0.46050000   1.63662400
   0.46600000   1.63556760
   0.47150000   1.63455460
   0.47700000   1.63358270
   0.48250000   1.63264930
   0.48800000   1.63175250
   0.49350000   1.63089010
   0.49900000   1.63006030
   0.50450000   1.62926130
   0.51000000   1.62849150
   0.51550000   1.62774950
   0.52100000   1.62703370
   0.52650000   1.62634300
   0.53200000   1.62567600
   0.53750000   1.62503150
   0.54300000   1.62440860
   0.54850000   1.62380620
   0.55400000   1.62322320
   0.55950000   1.62265890
   0.56500000   1.62211240
   0.57050000   1.62158290
   0.57600000   1.62106950
   0.58150000   1.62057170
   0.58700000   1.62008870
   0.59250000   1.61961990
   0.59800000   1.61916470
   0.60350000   1.61872260
   0.60900000   1.61829290
   0.61450000   1.61787520
   0.62000000   1.61746900
   0.62550000   1.61707390
   0.63100000   1.61668930
   0.63650000   1.61631490
   0.64200000   1.61595030
   0.64750000   1.61559510
   0.65300000   1.61524900
   0.65850000   1.61491160
   0.66400000   1.61458250
   0.66950000   1.61426160
   0.67500000   1.61394840
   0.68050000   1.61364270
   0.68600000   1.61334420
   0.69150000   1.61305270
   0.69700000   1.61276790
   0.70250000   1.61248970
   0.70800000   1.61221760
   0.71350000   1.61195170
   0.71900000   1.61169150
   0.72450000   1.61143700
   0.73000000   1.61118800
   0.73550000   1.61094420
   0.74100000   1.61070550
   0.74650000   1.61047180
   0.75200000   1.61024280
   0.75750000   1.61001840
   0.76300000   1.60979850
   0.76850000   1.60958290
   0.77400000   1.60937150
   0.77950000   1.60916420
   0.78500000   1.60896080
   0.79050000   1.60876120
   0.79600000   1.60856520
   0.80150000   1.60837290
   0.80700000   1.60818400
   0.81250000   1.60799850
   0.81800000   1.60781620
   0.82350000   1.60763710
   0.82900000   1.60746110
   0.83450000   1.60728810
   0.84000000   1.60711790
   0.84550000   1.60695060
   0.85100000   1.60678590
   0.85650000   1.60662400
   0.86200000   1.60646460
   0.86750000   1.60630770
   0.87300000   1.60615320
   0.87850000   1.60600110
   0.88400000   1.60585120
   0.88950000   1.60570360
   0.89500000   1.60555820
   0.90050000   1.60541490
   0.90600000   1.60527360
   0.91150000   1.60513430
   0.91700000   1.60499690
   0.92250000   1.60486150
   0.92800000   1.60472780
   0.93350000   1.60459600
   0.93900000   1.60446590
   0.94450000   1.60433750
   0.95000000   1.60421070
