      0.40000000       1.5304417
      0.40550000       1.5297164
      0.41100000       1.5290229
      0.41650000       1.5283592
      0.42200000       1.5277236
      0.42750000       1.5271143
      0.43300000       1.5265297
      0.43850000       1.5259685
      0.44400000       1.5254293
      0.44950000       1.5249108
      0.45500000       1.5244120
      0.46050000       1.5239317
      0.46600000       1.5234690
      0.47150000       1.5230229
      0.47700000       1.5225926
      0.48250000       1.5221773
      0.48800000       1.5217762
      0.49350000       1.5213886
      0.49900000       1.5210139
      0.50450000       1.5206513
      0.51000000       1.5203004
      0.51550000       1.5199607
      0.52100000       1.5196314
      0.52650000       1.5193123
      0.53200000       1.5190028
      0.53750000       1.5187025
      0.54300000       1.5184110
      0.54850000       1.5181279
      0.55400000       1.5178529
      0.55950000       1.5175855
      0.56500000       1.5173255
      0.57050000       1.5170725
      0.57600000       1.5168263
      0.58150000       1.5165866
      0.58700000       1.5163531
      0.59250000       1.5161255
      0.59800000       1.5159037
      0.60350000       1.5156874
      0.60900000       1.5154763
      0.61450000       1.5152703
      0.62000000       1.5150692
      0.62550000       1.5148728
      0.63100000       1.5146809
      0.63650000       1.5144933
      0.64200000       1.5143099
      0.64750000       1.5141305
      0.65300000       1.5139550
      0.65850000       1.5137832
      0.66400000       1.5136150
      0.66950000       1.5134503
      0.67500000       1.5132889
      0.68050000       1.5131307
      0.68600000       1.5129756
      0.69150000       1.5128235
      0.69700000       1.5126743
      0.70250000       1.5125279
      0.70800000       1.5123842
      0.71350000       1.5122431
      0.71900000       1.5121045
      0.72450000       1.5119683
      0.73000000       1.5118345
      0.73550000       1.5117030
      0.74100000       1.5115736
      0.74650000       1.5114463
      0.75200000       1.5113211
      0.75750000       1.5111979
      0.76300000       1.5110766
      0.76850000       1.5109571
      0.77400000       1.5108394
      0.77950000       1.5107235
      0.78500000       1.5106092
      0.79050000       1.5104966
      0.79600000       1.5103855
      0.80150000       1.5102760
      0.80700000       1.5101679
      0.81250000       1.5100612
      0.81800000       1.5099560
      0.82350000       1.5098520
      0.82900000       1.5097494
      0.83450000       1.5096480
      0.84000000       1.5095479
      0.84550000       1.5094489
      0.85100000       1.5093510
      0.85650000       1.5092543
      0.86200000       1.5091586
      0.86750000       1.5090640
      0.87300000       1.5089703
      0.87850000       1.5088777
      0.88400000       1.5087860
      0.88950000       1.5086952
      0.89500000       1.5086053
      0.90050000       1.5085162
      0.90600000       1.5084280
      0.91150000       1.5083406
      0.91700000       1.5082540
      0.92250000       1.5081681
      0.92800000       1.5080830
      0.93350000       1.5079986
      0.93900000       1.5079148
      0.94450000       1.5078318
      0.95000000       1.5077494
