      0.40000000       1.4701161
      0.40550000       1.4695286
      0.41100000       1.4689657
      0.41650000       1.4684258
      0.42200000       1.4679077
      0.42750000       1.4674102
      0.43300000       1.4669320
      0.43850000       1.4664722
      0.44400000       1.4660297
      0.44950000       1.4656036
      0.45500000       1.4651931
      0.46050000       1.4647973
      0.46600000       1.4644156
      0.47150000       1.4640471
      0.47700000       1.4636912
      0.48250000       1.4633473
      0.48800000       1.4630149
      0.49350000       1.4626933
      0.49900000       1.4623820
      0.50450000       1.4620806
      0.51000000       1.4617886
      0.51550000       1.4615056
      0.52100000       1.4612311
      0.52650000       1.4609648
      0.53200000       1.4607063
      0.53750000       1.4604553
      0.54300000       1.4602114
      0.54850000       1.4599744
      0.55400000       1.4597439
      0.55950000       1.4595196
      0.56500000       1.4593014
      0.57050000       1.4590889
      0.57600000       1.4588819
      0.58150000       1.4586801
      0.58700000       1.4584835
      0.59250000       1.4582917
      0.59800000       1.4581046
      0.60350000       1.4579220
      0.60900000       1.4577437
      0.61450000       1.4575695
      0.62000000       1.4573994
      0.62550000       1.4572330
      0.63100000       1.4570704
      0.63650000       1.4569113
      0.64200000       1.4567556
      0.64750000       1.4566032
      0.65300000       1.4564540
      0.65850000       1.4563078
      0.66400000       1.4561645
      0.66950000       1.4560241
      0.67500000       1.4558864
      0.68050000       1.4557514
      0.68600000       1.4556189
      0.69150000       1.4554888
      0.69700000       1.4553611
      0.70250000       1.4552357
      0.70800000       1.4551125
      0.71350000       1.4549915
      0.71900000       1.4548724
      0.72450000       1.4547554
      0.73000000       1.4546402
      0.73550000       1.4545270
      0.74100000       1.4544155
      0.74650000       1.4543057
      0.75200000       1.4541976
      0.75750000       1.4540911
      0.76300000       1.4539862
      0.76850000       1.4538828
      0.77400000       1.4537809
      0.77950000       1.4536803
      0.78500000       1.4535811
      0.79050000       1.4534833
      0.79600000       1.4533867
      0.80150000       1.4532914
      0.80700000       1.4531972
      0.81250000       1.4531042
      0.81800000       1.4530124
      0.82350000       1.4529216
      0.82900000       1.4528319
      0.83450000       1.4527431
      0.84000000       1.4526554
      0.84550000       1.4525686
      0.85100000       1.4524827
      0.85650000       1.4523978
      0.86200000       1.4523137
      0.86750000       1.4522304
      0.87300000       1.4521479
      0.87850000       1.4520662
      0.88400000       1.4519853
      0.88950000       1.4519051
      0.89500000       1.4518256
      0.90050000       1.4517468
      0.90600000       1.4516687
      0.91150000       1.4515912
      0.91700000       1.4515143
      0.92250000       1.4514381
      0.92800000       1.4513624
      0.93350000       1.4512873
      0.93900000       1.4512127
      0.94450000       1.4511387
      0.95000000       1.4510651
